H0 = 13; a = 0; b = H0 / 2; n = 12; h = (b - a) / n;
h

h =

    0.5417

x = (a:h:b)'

x =

         0
    0.5417
    1.0833
    1.6250
    2.1667
    2.7083
    3.2500
    3.7917
    4.3333
    4.8750
    5.4167
    5.9583
    6.5000

S = areaSuperficial(H0, x)

S =

         0
    3.6784
    8.7729
   15.9663
   25.3498
   36.7250
   49.7469
   63.9792
   78.9221
   94.0324
  108.7407
  122.4690
  134.6481

Trapezios(a, b, h, S)

ans =

  366.0079

Simpson(a, b, h, S)

ans =

  365.6456

diary off
